step: 1, lr: 0.00900, loss: 3.24168
step: 2, lr: 0.00900, loss: 2.28415
step: 3, lr: 0.00900, loss: 2.25751